crossing time (s)	slope (V/s)	crossing number
6253.802883	-17.323262	5516
6254.844534	-17.880901	5517
6255.892351	-17.719575	5518
6256.932894	-17.625045	5519
6257.979971	-17.338575	5520
6259.020785	-17.668056	5521
6260.070276	-17.416806	5522
6261.110972	-17.462098	5523
6262.160981	-17.410263	5524
6263.197595	-17.770733	5525
6264.250872	-17.364230	5526
6265.285788	-17.634453	5527
6266.338650	-17.213465	5528
6267.376121	-17.383819	5529
6268.428030	-16.937010	5530
6269.463873	-17.192147	5531
6270.517684	-17.297985	5532
6271.553305	-17.799437	5533
6272.606121	-17.433932	5534
6273.643339	-17.336629	5535
6274.692302	-16.931981	5536
6275.731262	-17.271867	5537
6276.781150	-16.926246	5538
6277.823315	-17.161552	5539
6278.868008	-16.631646	5540
6279.910811	-16.887466	5541
6280.958176	-16.443191	5542
6281.996241	-17.467032	5543
6283.045887	-16.881767	5544
6284.083296	-16.951988	5545
6285.132647	-17.103023	5546
6286.172372	-17.309422	5547
6287.223259	-16.621113	5548
6288.260678	-16.795964	5549
6289.308970	-16.957260	5550
6290.349116	-17.030953	5551
6291.399240	-16.713875	5552
6292.439186	-16.632930	5553
6293.488282	-16.880112	5554
6294.525586	-16.945010	5555
6295.575807	-16.837445	5556
6296.614566	-16.681849	5557
6297.663783	-16.988384	5558
6298.703354	-16.813957	5559
6299.752859	-16.725726	5560
6300.792899	-16.724316	5561
6301.839793	-16.930743	5562
6302.885665	-16.656917	5563
6303.930738	-16.584665	5564
6304.972239	-16.490755	5565
6306.019290	-16.654364	5566
6307.058373	-16.733153	5567
6308.108395	-16.817213	5568
6309.145322	-16.768050	5569
6310.198925	-16.574285	5570
6311.235872	-16.380125	5571
6312.287739	-16.677875	5572
6313.322300	-16.481849	5573
6314.376134	-16.478502	5574
6315.410289	-16.418770	5575
6316.466510	-16.566291	5576
6317.500418	-16.397393	5577
6318.553518	-16.299540	5578
6319.589185	-16.270007	5579
6320.642743	-16.417381	5580
6321.678523	-16.314671	5581
6322.731564	-16.534963	5582
6323.769302	-16.277074	5583
6324.819771	-16.290401	5584
6325.856307	-16.275836	5585
6326.907184	-16.350417	5586
6327.944998	-16.172432	5587
6328.996012	-16.126694	5588
6330.036162	-15.971788	5589
6331.086439	-16.162779	5590
6332.122434	-16.085649	5591
6333.173801	-16.163647	5592
6334.210971	-16.120809	5593
6335.262897	-16.221880	5594
6336.299630	-15.958707	5595
6337.353755	-15.944319	5596
6338.388073	-15.888294	5597
6339.441550	-16.025637	5598
6340.474843	-15.884833	5599
6341.530253	-15.993600	5600
6342.565566	-15.962521	5601
6343.620513	-15.899837	5602
6344.650940	-15.713262	5603
6345.708171	-15.938491	5604
6346.741352	-15.807291	5605
6347.797424	-15.850809	5606
6348.830323	-15.793986	5607
6349.884198	-15.931133	5608
6350.922281	-15.711188	5609
6351.971317	-15.756249	5610
6353.010200	-15.857444	5611
6354.059969	-15.713870	5612
6355.099154	-15.620513	5613
6356.150260	-15.784497	5614
6357.188952	-15.632675	5615
6358.238257	-15.693120	5616
6359.276366	-15.565402	5617
6360.325952	-15.714329	5618
6361.365413	-15.632748	5619
6362.414166	-15.478071	5620
6363.454637	-15.461654	5621
6364.504219	-15.583035	5622
6365.542753	-15.460320	5623
6366.592042	-15.282009	5624
6367.631236	-15.472002	5625
6368.681032	-15.438053	5626
6369.719291	-15.552974	5627
6370.769015	-15.156809	5628
6371.809979	-15.265647	5629
6372.857901	-15.477240	5630
6373.897719	-15.237402	5631
6374.947110	-15.415043	5632
6375.985747	-15.129875	5633
6377.034410	-15.372003	5634
6378.077190	-15.260323	5635
6379.123413	-15.333736	5636
6380.163767	-15.202128	5637
6381.213694	-15.242495	5638
6382.251052	-15.211303	5639
6383.302239	-15.136867	5640
6384.339060	-15.192539	5641
6385.391843	-15.218403	5642
6386.428032	-15.048695	5643
6387.481410	-15.118336	5644
6388.516203	-14.992015	5645
6389.569647	-14.893924	5646
6390.604565	-14.994027	5647
6391.658606	-15.030644	5648
6392.690759	-14.993201	5649
6393.748053	-15.084306	5650
6394.781098	-14.863532	5651
6395.836358	-14.889333	5652
6396.868994	-14.973782	5653
6397.924156	-14.955562	5654
6398.958351	-14.932672	5655
6400.011780	-15.047626	5656
6401.047396	-14.844809	5657
6402.101821	-14.896638	5658
6403.137444	-14.880807	5659
6404.189950	-14.822636	5660
6405.225592	-14.707684	5661
6406.277998	-14.742075	5662
6407.313325	-14.645853	5663
6408.367196	-14.774351	5664
6409.401781	-14.677514	5665
6410.456072	-14.754322	5666
6411.489789	-14.646858	5667
6412.545181	-14.665533	5668
6413.578039	-14.622998	5669
6414.634668	-14.725906	5670
6415.668241	-14.614798	5671
6416.722457	-14.676400	5672
6417.756259	-14.518210	5673
6418.809811	-14.503528	5674
6419.844972	-14.497374	5675
6420.897577	-14.610530	5676
6421.932126	-14.565886	5677
6422.987514	-14.521295	5678
6424.022895	-14.416148	5679
6425.077168	-14.455687	5680
6426.112096	-14.379717	5681
6427.162101	-14.459989	5682
6428.201130	-14.340214	5683
6429.249659	-14.465963	5684
6430.290294	-14.309583	5685
6431.339519	-14.455310	5686
6432.379079	-14.409544	5687
6433.428774	-14.350333	5688
6434.466592	-14.262599	5689
6435.515539	-14.327332	5690
6436.559067	-14.315558	5691
6437.603717	-14.282303	5692
6438.645285	-14.133870	5693
6439.692950	-14.296189	5694
6440.732011	-14.095576	5695
6441.781057	-14.245891	5696
6442.820668	-14.125908	5697
6443.870262	-14.248001	5698
6444.910468	-14.161636	5699
6445.958106	-14.189721	5700
6446.999924	-14.039687	5701
6448.048361	-14.127406	5702
6449.088230	-14.087368	5703
6450.135049	-14.018359	5704
6451.175014	-14.011978	5705
6452.224780	-14.120378	5706
6453.264101	-13.899246	5707
6454.314631	-14.037544	5708
6455.352231	-13.995836	5709
6456.404984	-13.966787	5710
6457.438067	-13.875089	5711
6458.492451	-13.969478	5712
6459.527548	-13.918964	5713
6460.582967	-13.903575	5714
6461.617460	-13.950400	5715
6462.671342	-13.875417	5716
6463.704239	-13.754187	5717
6464.757805	-13.746910	5718
6465.790958	-13.636078	5719
6466.846619	-13.749848	5720
6467.879794	-13.757893	5721
6468.937274	-13.870030	5722
6469.971468	-13.687174	5723
6471.025608	-13.789712	5724
6472.058339	-13.600162	5725
6473.112017	-13.667720	5726
6474.145718	-13.638162	5727
6475.201040	-13.741637	5728
6476.234554	-13.700224	5729
6477.291191	-13.701393	5730
6478.325291	-13.558387	5731
6479.379428	-13.642478	5732
6480.412661	-13.543788	5733
6481.466185	-13.662980	5734
6482.500404	-13.444976	5735
6483.554759	-13.593797	5736
6484.588133	-13.427847	5737
6485.644851	-13.509532	5738
6486.677916	-13.486692	5739
6487.734936	-13.457717	5740
6488.766244	-13.421657	5741
6489.821091	-13.367952	5742
6490.854549	-13.364949	5743
6491.907990	-13.413036	5744
6492.942267	-13.400409	5745
6493.997000	-13.319613	5746
6495.031948	-13.387689	5747
6496.085210	-13.391702	5748
6497.119817	-13.083521	5749
6498.174030	-13.158940	5750
6499.209562	-13.286283	5751
6500.260956	-13.376127	5752
6501.301409	-13.208057	5753
6502.350660	-13.314586	5754
6503.388771	-13.172551	5755
6504.438875	-13.266274	5756
6505.477172	-13.108788	5757
6506.527024	-13.218191	5758
6507.564150	-13.253021	5759
6508.613231	-13.186990	5760
6509.654585	-13.267155	5761
6510.703240	-13.186379	5762
6511.741339	-13.155317	5763
6512.794122	-13.179973	5764
6513.830780	-13.062497	5765
6514.880103	-13.094379	5766
6515.921795	-13.203748	5767
6516.971756	-13.169741	5768
6518.009266	-12.998194	5769
6519.058060	-13.106904	5770
6520.096062	-13.005827	5771
6521.144762	-13.046606	5772
6522.184046	-13.009593	5773
6523.232907	-12.944535	5774
6524.271245	-12.982983	5775
6525.323018	-12.882603	5776
6526.361457	-12.841283	5777
6527.409383	-12.905137	5778
6528.448100	-12.752173	5779
6529.500672	-12.935823	5780
6530.535764	-12.932240	5781
6531.589999	-12.791348	5782
6532.625249	-12.862802	5783
6533.680876	-12.750352	5784
6534.713289	-12.715450	5785
6535.768011	-12.773926	5786
6536.800328	-12.690327	5787
6537.858501	-12.780453	5788
6538.888508	-12.766256	5789
6539.945343	-12.721830	5790
6540.977276	-12.618867	5791
6542.032257	-12.620657	5792
6543.065558	-12.743340	5793
6544.121267	-12.721180	5794
6545.153464	-12.608045	5795
6546.210839	-12.641839	5796
6547.244220	-12.622823	5797
6548.299604	-12.631193	5798
6549.331970	-12.528786	5799
6550.387447	-12.603988	5800
6551.419566	-12.524653	5801
6552.474291	-12.577658	5802
6553.506102	-12.624406	5803
6554.564935	-12.582763	5804
6555.595900	-12.530095	5805
6556.651334	-12.406576	5806
6557.682910	-12.531955	5807
6558.739826	-12.395648	5808
6559.772820	-12.509528	5809
