crossing time (s)	slope (V/s)	crossing number
5590.513583	-19.181217	4897
5591.568659	-19.133955	4898
5592.603324	-18.653870	4899
5593.656379	-18.555054	4900
5594.690390	-18.343867	4901
5595.751155	-18.966223	4902
5596.777014	-19.221325	4903
5597.838502	-18.723103	4904
5598.870978	-18.620607	4905
5599.923857	-18.380068	4906
5600.959295	-18.480061	4907
5602.015259	-19.053605	4908
5603.047692	-19.172562	4909
5604.102921	-18.890392	4910
5605.134882	-18.676617	4911
5606.191378	-18.457268	4912
5607.224743	-18.629521	4913
5608.281986	-19.055997	4914
5609.313991	-18.954294	4915
5610.369784	-18.708701	4916
5611.403849	-18.303318	4917
5612.459031	-18.280586	4918
5613.492062	-18.591761	4919
5614.548502	-18.845511	4920
5615.585041	-18.467918	4921
5616.636877	-18.077283	4922
5617.669004	-18.125054	4923
5618.727516	-18.329843	4924
5619.756603	-18.237962	4925
5620.815448	-18.315302	4926
5621.846523	-18.303221	4927
5622.901467	-18.792844	4928
5623.936600	-18.390812	4929
5624.990160	-18.134287	4930
5626.027247	-18.112474	4931
5627.079092	-18.278964	4932
5628.115150	-18.223675	4933
5629.167645	-18.354875	4934
5630.203908	-18.368506	4935
5631.256603	-18.035495	4936
5632.293847	-18.129816	4937
5633.348675	-17.962748	4938
5634.381286	-17.984043	4939
5635.437131	-18.232238	4940
5636.469339	-18.253460	4941
5637.525566	-17.928846	4942
5638.561118	-17.851453	4943
5639.611518	-17.843818	4944
5640.651146	-17.960926	4945
5641.702272	-18.193982	4946
5642.739484	-18.061112	4947
5643.791016	-17.657276	4948
5644.824835	-17.867602	4949
5645.880738	-17.732669	4950
5646.913250	-17.853588	4951
5647.971360	-18.023050	4952
5649.005516	-17.700806	4953
5650.057026	-17.742358	4954
5651.093946	-17.606087	4955
5652.144309	-17.642298	4956
5653.181096	-17.713172	4957
5654.232991	-17.921671	4958
5655.270450	-17.637439	4959
5656.322698	-17.497755	4960
5657.361488	-17.492037	4961
5658.408846	-17.668402	4962
5659.449595	-17.501164	4963
5660.499590	-17.525987	4964
5661.537922	-17.577111	4965
5662.589415	-17.779006	4966
5663.627829	-17.549401	4967
5664.674940	-17.375811	4968
5665.716848	-17.422864	4969
5666.763807	-17.534794	4970
5667.806256	-17.519861	4971
5668.856752	-17.340665	4972
5669.891623	-17.253253	4973
5670.945822	-17.347896	4974
5671.980146	-17.332310	4975
5673.035451	-17.384886	4976
5674.068261	-17.271306	4977
5675.123704	-17.019789	4978
5676.157101	-17.187541	4979
5677.210508	-17.166402	4980
5678.244166	-17.241213	4981
5679.299010	-17.128896	4982
5680.338572	-17.077651	4983
5681.388710	-17.082135	4984
5682.424596	-17.226943	4985
5683.477946	-17.060468	4986
5684.511540	-17.078119	4987
5685.566797	-16.976260	4988
5686.600481	-17.039230	4989
5687.658349	-16.975534	4990
5688.691103	-17.025252	4991
5689.746092	-16.900340	4992
5690.778831	-16.831876	4993
5691.832987	-16.896063	4994
5692.867960	-16.958459	4995
5693.921864	-16.994441	4996
5694.957151	-16.868798	4997
5696.010071	-16.684692	4998
5697.045989	-16.949819	4999
5698.100016	-16.811214	5000
5699.134699	-16.782360	5001
5700.187271	-16.820956	5002
5701.224057	-16.869187	5003
5702.277034	-16.920824	5004
5703.313790	-16.859636	5005
5704.364386	-16.681090	5006
5705.401803	-16.706559	5007
5706.455474	-16.620577	5008
5707.487986	-16.620787	5009
5708.545299	-16.684487	5010
5709.578338	-16.661639	5011
5710.634035	-16.670662	5012
5711.666764	-16.487954	5013
5712.721196	-16.566682	5014
5713.755319	-16.478317	5015
5714.810126	-16.596069	5016
5715.844272	-16.551603	5017
5716.896286	-16.468512	5018
5717.935635	-16.413639	5019
5718.986040	-16.423001	5020
5720.022361	-16.356494	5021
5721.074028	-16.405278	5022
5722.113987	-16.481087	5023
5723.163954	-16.293612	5024
5724.199708	-16.431455	5025
5725.254266	-16.247576	5026
5726.288744	-16.306219	5027
5727.342929	-16.229659	5028
5728.376176	-16.188688	5029
5729.432689	-16.276686	5030
5730.465924	-16.348813	5031
5731.520667	-16.108306	5032
5732.554013	-16.170971	5033
5733.608668	-16.153075	5034
5734.642940	-16.026383	5035
5735.696340	-16.096336	5036
5736.730400	-16.120399	5037
5737.783487	-16.088634	5038
5738.821662	-16.223891	5039
5739.874211	-16.090690	5040
5740.906788	-15.902997	5041
5741.962603	-15.932874	5042
5742.996746	-15.913966	5043
5744.051343	-16.012705	5044
5745.084335	-15.973514	5045
5746.141931	-15.869731	5046
5747.174064	-16.087008	5047
5748.230557	-15.933694	5048
5749.263778	-15.886734	5049
5750.317828	-15.749636	5050
5751.351833	-15.878191	5051
5752.405494	-15.792859	5052
5753.441784	-15.849890	5053
5754.495707	-15.770442	5054
5755.530287	-15.746948	5055
5756.583021	-15.735687	5056
5757.620060	-15.792255	5057
5758.668859	-15.735566	5058
5759.708022	-15.866475	5059
5760.758915	-15.705103	5060
5761.796615	-15.675286	5061
5762.849336	-15.593099	5062
5763.884226	-15.513552	5063
5764.939507	-15.490131	5064
5765.972241	-15.594174	5065
5767.027158	-15.468963	5066
5768.059925	-15.548254	5067
5769.118371	-15.474549	5068
5770.148979	-15.543376	5069
5771.206417	-15.570454	5070
5772.238355	-15.439993	5071
5773.293170	-15.286274	5072
5774.327397	-15.441395	5073
5775.381944	-15.313123	5074
5776.414455	-15.464034	5075
5777.471757	-15.336214	5076
5778.503515	-15.517737	5077
5779.560606	-15.321313	5078
5780.592157	-15.217601	5079
5781.648716	-15.313185	5080
5782.680689	-15.306664	5081
5783.737410	-15.267629	5082
5784.769405	-15.286819	5083
5785.826439	-15.251457	5084
5786.859205	-15.329566	5085
5787.915023	-15.086621	5086
5788.947552	-15.234776	5087
5790.000765	-15.258073	5088
5791.036751	-15.130885	5089
5792.089316	-15.101058	5090
5793.128102	-15.061694	5091
5794.176521	-15.081486	5092
5795.215415	-15.102882	5093
5796.266313	-15.012140	5094
5797.304463	-15.134022	5095
5798.355312	-14.985599	5096
5799.392425	-15.099976	5097
5800.444198	-14.883242	5098
5801.479419	-15.098504	5099
5802.534651	-15.010446	5100
5803.568615	-14.972754	5101
5804.623151	-14.858238	5102
5805.655602	-14.878894	5103
5806.712602	-14.754982	5104
5807.743298	-14.870798	5105
5808.800773	-14.794311	5106
5809.831827	-14.922936	5107
5810.889497	-14.728117	5108
5811.920995	-14.853715	5109
5812.977813	-14.653050	5110
5814.010388	-14.739006	5111
5815.066171	-14.753983	5112
5816.098134	-14.653876	5113
5817.155482	-14.753936	5114
5818.186276	-14.669198	5115
5819.244056	-14.686252	5116
5820.276885	-14.663872	5117
5821.331445	-14.598159	5118
5822.364551	-14.739856	5119
5823.420926	-14.551039	5120
5824.451562	-14.975060	5121
5825.509775	-14.920883	5122
5826.539770	-14.082756	5123
5827.596971	-14.073437	5124
5828.630487	-14.352817	5125
5829.686069	-14.639490	5126
5830.719998	-14.700250	5127
5831.771745	-14.555567	5128
5832.809319	-14.747899	5129
5833.860569	-14.570544	5130
5834.898756	-14.350248	5131
5835.950439	-14.387409	5132
5836.987909	-14.445170	5133
5838.038776	-14.332564	5134
5839.075108	-14.260186	5135
5840.127482	-14.372494	5136
5841.162769	-14.433094	5137
5842.216726	-14.347326	5138
5843.252664	-14.302042	5139
5844.306424	-14.229876	5140
5845.338978	-14.233663	5141
5846.394104	-14.184338	5142
5847.426177	-14.234350	5143
5848.482209	-14.215247	5144
5849.514502	-14.255360	5145
5850.574022	-14.224224	5146
5851.603409	-14.179588	5147
5852.662456	-14.086861	5148
5853.691813	-14.190415	5149
5854.749110	-14.020865	5150
5855.780508	-14.139033	5151
5856.837646	-14.096833	5152
5857.869847	-14.082412	5153
5858.926994	-13.966974	5154
5859.958025	-14.077528	5155
5861.015561	-13.922694	5156
5862.046927	-13.982767	5157
5863.103307	-13.894992	5158
5864.133541	-13.904532	5159
5865.190291	-13.979091	5160
5866.225134	-13.930610	5161
5867.279433	-13.982132	5162
5868.314110	-13.911625	5163
5869.366340	-13.831807	5164
5870.403402	-13.889093	5165
5871.455679	-13.820669	5166
5872.492738	-13.767549	5167
5873.543556	-13.770665	5168
5874.582651	-13.913126	5169
5875.634215	-13.794484	5170
5876.668623	-13.784384	5171
5877.721428	-13.783537	5172
5878.758187	-13.734469	5173
5879.809619	-13.683522	5174
5880.844070	-13.822723	5175
5881.898319	-13.622090	5176
5882.930935	-13.721229	5177
5883.987817	-13.528470	5178
5885.021537	-13.681592	5179
5886.079101	-13.489910	5180
5887.108382	-13.701496	5181
5888.165539	-13.559921	5182
5889.195659	-13.572325	5183
5890.254696	-13.482000	5184
5891.284146	-13.569018	5185
5892.342179	-13.393613	5186
5893.376115	-13.552943	5187
5894.433634	-13.450414	5188
5895.462198	-13.499528	5189
5896.520385	-13.384901	5190
